-0.600000 -0.00000126
-0.580000 0.00000100
-0.560000 0.00000105
-0.540000 0.00000031
-0.520000 -0.00000046
-0.500000 -0.00000093
-0.480000 -0.00000102
-0.460000 -0.00000081
-0.440000 -0.00000041
-0.420000 0.00000005
-0.400000 0.00000045
-0.380000 0.00000073
-0.360000 0.00000085
-0.340000 0.00000081
-0.320000 0.00000062
-0.300000 0.00000035
-0.280000 0.00000003
-0.260000 -0.00000027
-0.240000 -0.00000052
-0.220000 -0.00000067
-0.200000 -0.00000071
-0.180000 -0.00000064
-0.160000 -0.00000047
-0.140000 -0.00000024
-0.120000 0.00000003
-0.100000 0.00000028
-0.080000 0.00000047
-0.060000 0.00000059
-0.040000 0.00000059
-0.020000 0.00000049
0.000000 0.00000029
0.020000 0.00000003
0.040000 -0.00000023
0.060000 -0.00000044
0.080000 -0.00000053
0.100000 -0.00000046
0.120000 -0.00000022
0.140000 0.00000014
0.160000 0.00000044
0.180000 0.00000040
0.200000 -0.00000048
